[27, 82, 41, 124, 62, 31, 94, 47, 142, 71, 214, 107, 322, 161, 484, 242, 121, 364, 182, 91, 274, 137, 412, 206, 103, 310, 155, 466, 233, 700, 350, 175, 526, 263, 790, 395, 1186, 593, 1780, 890, 445, 1336, 668, 334, 167, 502, 251, 754, 377, 1132, 566, 283, 850, 425, 1276, 638, 319, 958, 479, 1438, 719, 2158, 1079, 3238, 1619, 4858, 2429, 7288, 3644, 1822, 911, 2734, 1367, 4102, 2051, 6154, 3077, 9232, 4616, 2308, 1154, 577, 1732, 866, 433, 1300, 650, 325, 976, 488, 244, 122, 61, 184, 92, 46, 23, 70, 35, 106, 53, 160, 80, 40, 20, 10, 5, 16, 8, 4, 2, 1]

[255, 766, 383, 1150, 575, 1726, 863, 2590, 1295, 3886, 1943, 5830, 2915, 8746, 4373, 13120, 6560, 3280, 1640, 820, 410, 205, 616, 308, 154, 77, 232, 116, 58, 29, 88, 44, 22, 11, 34, 17, 52, 26, 13, 40, 20, 10, 5, 16, 8, 4, 2, 1]

[447, 1342, 671, 2014, 1007, 3022, 1511, 4534, 2267, 6802, 3401, 10204, 5102, 2551, 7654, 3827, 11482, 5741, 17224, 8612, 4306, 2153, 6460, 3230, 1615, 4846, 2423, 7270, 3635, 10906, 5453, 16360, 8180, 4090, 2045, 6136, 3068, 1534, 767, 2302, 1151, 3454, 1727, 5182, 2591, 7774, 3887, 11662, 5831, 17494, 8747, 26242, 13121, 39364, 19682, 9841, 29524, 14762, 7381, 22144, 11072, 5536, 2768, 1384, 692, 346, 173, 520, 260, 130, 65, 196, 98, 49, 148, 74, 37, 112, 56, 28, 14, 7, 22, 11, 34, 17, 52, 26, 13, 40, 20, 10, 5, 16, 8, 4, 2, 1]

[495, 1486, 743, 2230, 1115, 3346, 1673, 5020, 2510, 1255, 3766, 1883, 5650, 2825, 8476, 4238, 2119, 6358, 3179, 9538, 4769, 14308, 7154, 3577, 10732, 5366, 2683, 8050, 4025, 12076, 6038, 3019, 9058, 4529, 13588, 6794, 3397, 10192, 5096, 2548, 1274, 637, 1912, 956, 478, 239, 718, 359, 1078, 539, 1618, 809, 2428, 1214, 607, 1822, 911, 2734, 1367, 4102, 2051, 6154, 3077, 9232, 4616, 2308, 1154, 577, 1732, 866, 433, 1300, 650, 325, 976, 488, 244, 122, 61, 184, 92, 46, 23, 70, 35, 106, 53, 160, 80, 40, 20, 10, 5, 16, 8, 4, 2, 1]

[511, 1534, 767, 2302, 1151, 3454, 1727, 5182, 2591, 7774, 3887, 11662, 5831, 17494, 8747, 26242, 13121, 39364, 19682, 9841, 29524, 14762, 7381, 22144, 11072, 5536, 2768, 1384, 692, 346, 173, 520, 260, 130, 65, 196, 98, 49, 148, 74, 37, 112, 56, 28, 14, 7, 22, 11, 34, 17, 52, 26, 13, 40, 20, 10, 5, 16, 8, 4, 2, 1]

[639, 1918, 959, 2878, 1439, 4318, 2159, 6478, 3239, 9718, 4859, 14578, 7289, 21868, 10934, 5467, 16402, 8201, 24604, 12302, 6151, 18454, 9227, 27682, 13841, 41524, 20762, 10381, 31144, 15572, 7786, 3893, 11680, 5840, 2920, 1460, 730, 365, 1096, 548, 274, 137, 412, 206, 103, 310, 155, 466, 233, 700, 350, 175, 526, 263, 790, 395, 1186, 593, 1780, 890, 445, 1336, 668, 334, 167, 502, 251, 754, 377, 1132, 566, 283, 850, 425, 1276, 638, 319, 958, 479, 1438, 719, 2158, 1079, 3238, 1619, 4858, 2429, 7288, 3644, 1822, 911, 2734, 1367, 4102, 2051, 6154, 3077, 9232, 4616, 2308, 1154, 577, 1732, 866, 433, 1300, 650, 325, 976, 488, 244, 122, 61, 184, 92, 46, 23, 70, 35, 106, 53, 160, 80, 40, 20, 10, 5, 16, 8, 4, 2, 1]

[703, 2110, 1055, 3166, 1583, 4750, 2375, 7126, 3563, 10690, 5345, 16036, 8018, 4009, 12028, 6014, 3007, 9022, 4511, 13534, 6767, 20302, 10151, 30454, 15227, 45682, 22841, 68524, 34262, 17131, 51394, 25697, 77092, 38546, 19273, 57820, 28910, 14455, 43366, 21683, 65050, 32525, 97576, 48788, 24394, 12197, 36592, 18296, 9148, 4574, 2287, 6862, 3431, 10294, 5147, 15442, 7721, 23164, 11582, 5791, 17374, 8687, 26062, 13031, 39094, 19547, 58642, 29321, 87964, 43982, 21991, 65974, 32987, 98962, 49481, 148444, 74222, 37111, 111334, 55667, 167002, 83501, 250504, 125252, 62626, 31313, 93940, 46970, 23485, 70456, 35228, 17614, 8807, 26422, 13211, 39634, 19817, 59452, 29726, 14863, 44590, 22295, 66886, 33443, 100330, 50165, 150496, 75248, 37624, 18812, 9406, 4703, 14110, 7055, 21166, 10583, 31750, 15875, 47626, 23813, 71440, 35720, 17860, 8930, 4465, 13396, 6698, 3349, 10048, 5024, 2512, 1256, 628, 314, 157, 472, 236, 118, 59, 178, 89, 268, 134, 67, 202, 101, 304, 152, 76, 38, 19, 58, 29, 88, 44, 22, 11, 34, 17, 52, 26, 13, 40, 20, 10, 5, 16, 8, 4, 2, 1]

